Version 0.9.7
5
 4 8 248 77 128 0 1
 5 81 425 206 81 2 2
 0 115 170 877 276 8 3
 1 204 492 206 81 140 4
 3 443 79 203 58 150 6
 0
27
 255 5 168 184 168 184 142 184 142 184 142 236 142 236 0 3 0 3
 255 5 69 262 69 262 69 503 69 503 219 503 219 503 0 1 0 4
 0 5 69 361 69 361 69 418 69 418 168 418 168 418 0 1 0 3
 0 5 454 116 454 116 454 116 454 418 454 418 454 418 0 6 0 3
 0 5 69 322 69 322 69 561 69 561 219 561 219 561 0 1 0 4
 255 5 69 275 69 275 69 184 69 184 246 184 246 184 0 1 0 3
 8421440 5 259 275 259 275 259 300 155 300 155 275 155 275 0 3 0 3
 8421440 5 259 288 259 288 259 288 259 503 260 503 260 503 0 3 0 4
 10485760 5 181 236 181 236 181 123 181 123 489 123 489 123 0 3 0 6
 8454143 5 374 503 374 503 374 288 374 288 376 288 376 288 0 4 0 3
 8454143 5 168 262 168 262 168 262 376 262 376 262 376 262 0 3 0 3
 8421504 5 259 249 259 249 259 249 194 249 194 249 194 249 0 3 0 3
 65280 5 298 503 298 503 298 503 298 288 298 288 298 288 0 4 0 3
 65280 5 207 236 207 236 207 236 298 236 298 236 298 236 0 3 0 3
 10485760 5 220 275 220 275 220 318 142 318 142 340 142 340 0 3 0 3
 8454143 5 155 340 155 340 155 332 376 332 376 340 376 340 0 3 0 3
 8454143 5 374 516 374 516 374 379 374 379 376 379 376 379 0 4 0 3
 10485760 5 168 353 168 353 168 353 532 353 532 353 532 353 0 3 0 3
 0 5 220 379 220 379 220 379 220 418 220 418 220 418 0 3 0 3
 255 5 532 236 532 236 532 236 532 184 532 184 532 184 0 3 0 3
 0 5 610 379 610 379 610 379 610 418 610 418 610 418 0 3 0 3
 10485760 5 558 353 558 353 630 353 630 123 629 123 629 123 0 3 0 6
 8421504 5 181 340 181 340 181 340 259 340 259 340 259 340 0 3 0 3
 16777215 5 194 366 194 366 194 366 337 366 337 366 337 366 0 3 0 3
 16777215 5 337 379 337 379 337 503 337 503 336 503 336 503 0 3 0 4
 10485760 5 207 379 207 379 207 373 545 373 545 379 545 379 0 3 0 3
 8421504 5 260 516 260 516 260 379 260 379 259 379 259 379 0 4 0 3
2
 7008 1 14 136 288 5 0 2124701728 1 3
 7032 1 14 526 288 5 0 2124701728 1 3
